100101100010011100111000110000101111110110000101001101000011110100111001011000011011110001000100011101000101110011010111
101110100110110111010001000001111111010011111111000011011111000101111110000101000001110000100111000101111010001001000110
100001010000110011000101110001011101001111100001011001000000011010110111001111010011111010001101110001001111000101101111
011001101111010001000011010111101001111110001011010111110010100111000101100000111110100010000110101111110010010010101111
001010101111110101011100111110100101111101010111001000101101011000010110100111110111101100011101100111110101101110010111
000011000111101001100011000101101111100101100001001001101110110011111010110111101001111110010011011101011010011111001011
000101111011111110111000011011101001110111000100111010111011011101111010111111010100111000000010110101111101000110000100
100111111100100111001100001011101000111101010010000111000010110100111111011100001101110100111000011000000001111111001011
111001011000010010011011101100111110101101111010011111010011100101100001101111101100010011101011111011110110001111010000
111011010001011100001110101011011101111101011110100111011110010000011001011100010111010011110100111011100000011010111100
010010011000001001001001011100010010000001110111110101110101100001001000001111101001000011111010011111010000011000011010
001010100001011011110100111111000101101011110100111011100000011010111101100111110101101110010111000011000111110000110100
111011100010110000100110111101001111100101110111000100110001111100100110110011111101000100010000101101001111100010110110
111100111100001110100100001101011111100001011010110001001000100010101001001100100111110110110111100001100011011011110011
101010000011111001000101101110001001111100101110001000011111010001111101100011110010111000110111110011110100010000111010
100000000111110111110101111101111011000111001011000010010011011101001011100101101000001001011000001111100110001001000011
110011001001011100001110101111011111010111110111101100011101101111100010110101111011011010001111010011100101100001101111
001011100011011101000101110011010111111000101101011110011110010000110000101011111000010111101100001100101110111001100011
010011111001011100011011011100001011010011011011101011101000111100001011111101001111110110001111100010110101111110010011
100110000101111110101011100100010110101000101011110010110000100100110111011001111101011011111100001011111100100110100010
010010010011101000100000001110010011101000100000110100111101010001001011110010100010010011010000100101111101000111101001
110010110000110111100110001010111110111101100011101001011100101101000110001010100001111100011011110001011011011101001110
111100100000110010111000101111110001011010111101001110111000000110101111000100100110000010010010010111000100100000011101
111101011101011000010010000011111001000101101110001001111101101011000101000101000100001011010011111010101111001010101111
110001101110100100001111111000010111110010011110110001010010011000011010000111110100111101100010001001010010000001010100
010101111010001010000111011010110001001000000111010001110010011100110010100000111101001111010001001001011111110110001110
011000001011100100001010001010111101001110111100100000110010111000101111011111010111110111101100011101000101111100001110
101111011111010111110101100000110000100110110111001101101111100010110101111010001000010011100001010001110100111011100000
011010111101100111110101101110010111000011000111110000110100111011100010110000100110111101000111101010010000111000010110
100111110111101100011110011110010110001110110110100111111011000111100101110001101110100100111000101110000100110001001001
111100010101111110101011100111111101110000110111010001001000110100001010000110011011110111100010011011100001001011011010
011111001011101110000100111011111100101000001100011101001011101010110100010101000001100010101111110001011011100001001011
100101101000000101110001011100010010000001101000111101111011100001101110111101000100001011000011101011111101111000110111
010001000000010111100100101000110110001001110101111010001010000111010100100001010000011011100100011011101001011100100001
110111110011001001001110000101101001011011010001111000010111110010011110001000101000111110100111110100111001011000011011
110110011110001010110100010111000011101010001010111110000101101101111111100111101000110000111011101110000010100011100110
111100110001111100101111100101100001001001101110110011111010110111111100010110101111110101001001001110011101110000010100
011110010101110011100100101111100101111110111101100011101000110001001110011111111001010001001110000101101011100111101001
110010110000110111110101011100100010110101110010111000011101011101001111101111011000111101000001110001001000110010110001
110100111011110000111000101111000100011001100011111010101110010001011010111001011100001110101111110110001111100010110101
111110111000011011110111101100001011001011000110101000111001010001001110000101101011100111110111100101011110000110101111
000100011001110000110110110001010111110000101111110100011111011000111011010110001010001010000001010111110101011110010101
011111100011011101001110111100100000110010111000101111011111010111110111101100011100101100001001001101110110011111010110
111110100010111110000111010111110000101111110101000010001001100100110000110100001111111100010110101111110001100110001000
010100010101111101111011000111001101111001100011101111101011111011000010011101101010111100110111101001010000111110010101
100100010000110000001111110110111111011000100101000101000011100111011111010100010010110011010000111110010100010100001111
000010110110001010111101001000011111101101100101101000011001110101110010101000100111001111001101000111100001011110010111
000011010011101111111010011111010011100101100001101111001100011010110111111101110000110111010001011111000011101011111010
000111011010001011100001110101011011111001011111001011000010010011011101100111110101101111111000101101011110100010000011
100100100110110111000001100011111011110010111101111001001011100010000111101101111111101010111010010010001101110111010111
111011100001101111010001101110001001111000101101111011001101111010001000010011110001101011101010111001110110110111011101
011110100110011100000101110010110001110100111011110001011010010001101001111101001100110111010001110010011111110110001100
100111011110111111100010110101111101010001001000000100110111101000001010000101101111010011111100010110101111000101010010
001001110010111000011101011101000111011010000101010010001111101001111101001110010110000110111110111100011011101000100000
001011111000010101001100110010010101000101011111000010111110111101100011111010101110011010001000011011110011100001101011
111011111010111110111101100011110010101110011100111010101101110100011000100111001110000111010111001000001100001101101000
111110101001101110010111111110110111111110100111111011000111110110001001110101111101111011000111110101011100110100010000
110111101110001011100110001110111110101111101111011000111001110000100111011000011010111111010000000011011001110101111100
001011111011110110001111001010111001110011101011110001001000000001101000011101000000011000011111000100100110010010001010
001011111100001011111111100010110101111110101001101110010111111110110111111110100011110000101111011101001101101110100010
000011111110100111111011000111100101110001101110110001000011101000110001100110000101011110100010100001111100001011100100
100111110111010111111010101110010001011010100000111111001001111000011010111010111101000100010010011111011101101101001111
100101110110111111110111100101011111100010111100001101011100000101110010110001010111101010001011111100101011100111011110
111110111110101111001000110100100111001110100011101000110001001110011100001110101111010010111001011010001100001100010101
111101101111111010011100101100001100110111010100010111111001010111001110111101111101111101011110010001101101000111010001
100010011100111000011101011111100101111110111101100011110111000001010001101000111110001101110111110101111110010100000111
000100111111101001111101001110010110000110111110111100011011111000101111000011010111000001011100101100010101111010100010
111111001010111001110111101111101111101011110010001101001001110011110100011000100111001110000111010111010011110010111001
001001010000101101001111110111000001011111011110110001111101011000110101101111011001110000100111011000011010111111010000
000011011001110101111100001011111011110110001111001010111001110011101011111100010010100101110011101011000010110100111110
110111111101111011000111010001100110111011100101010001000001110100111101000110001001110011100001110101110010000011000011
011110000101101010001001001101101000111100111100101100000111111000010111111011100001101110100111000011000000001111111000
101101011110110100001010100100011110011000110010010001000010110100111110101110001000010110111101011100010000111011110100
000000111100101110000111010101101111100101111100101100001001001101110110011111010110111111000010111111010011111010011100
101100001101111101111000110111101000001000011011000100000101011110111101111011000001111101000100100011010000101000011001
101111100010110101111101000110111000100111100010110111101100110111101000100001001111000010110101000110010010000111001101
101101000111110110001111000011011110111101100011111010101110010001011010100000111111100010110101111010011101111001000001
100101110001011110111110101111011000010010000000011110010011111010010111001011010001100010110000000110110100111110000101
010011001100100101011000010110100111101000100001011101001111010011100011001001110010101000111100001011001000000011010110
010100001011011110100111110110000011001111001010000111100101000001111010011110100011010010100111010011111100010110101111
010001001100011001001001010111101100110111001001010011101111100001010000011101001010000110100011111011000111110111100011
011110101011101011100101100010101111011010001001001111111000100011001100011111000010101110010001011011011011101111101011
110010101110101000010000111101101111111001000110000111000011100100011011101001110111100001110001011110001000110011000111
011100111010011100010110001001001111111001011100001110101011011111000101101011110110010011000000010110111000110101100001
001111001100001100001100001101001110111111010000011011110100100111100001010110111101111011001101110010010100111011111101
111011000111010001100010011100111111110010100010011100001011010111001111010011100101100001101111101010111001000101101011
100101110000111010111010011110011000101000011100111011000101011111011011111101000100011110111101100011110010101110011100
111010101101111001111000011101001000011010111111010000011100010010001100101100011101001110111100001110001011010000110100
011110111101100110111001001010011101111110111101100011111010101110010001011010111001011100001110101110100111111011000111
100110001010111111000101111000110000111001101000011101101011111010010000101101100100001101000011110010001100010010100110
000101110010111000011101011110100111000010110100011001000101001010111110111101111001011111011010001010010101100011010110
000100111000101101110011010000111010010111010110110011100001000100100101100010101111101101111111011110110001110000011110
010101100001001110010111000011101011110111110101111101111011000111100101100010011101011111010000111100111000011110010001
000001100100011011110000101111110011010100111000010011100110100011110000101111110100111110100111001011000011011111000101
101011111001011100001100110000101111010001001001101011101010001011101111111010101110010001011010100010101111101111011000
111101001100010010001000010110100111110100010011000101011010010001101001111100101110110000011000010001010000111101111011
000010000111110001011010111101111011110110000011111010001100010011100111000011101011100100000110000110111101000100110001
010110100100011110110111111101001100010010000001111100101111110011000110001101011111110111100100111101011110111110101111
101111011000100000111111001010001100100111011110111111011011111110100011011100010011110001011011110110011011110100001000
011010001111111001011000100111001110001100001011111101100001010011010000111101001110010110000110111100010001000111100101
110001101110100010111001101011110111010111101110100110110111010001000001111111010011111101001111100001011110110000110010
111011100110001101001111100101110001101101110000101101001101101110101111110001101111011110110001110111010110011010000111
011001110101111011111010111110010110001001110011100011000010111111011110100011110100111001011000011011101100011110100011
111111000101101011111101110000110111110101100000110110101111110010110001101010001101001111001011100001101000011100101110
010010011010010100010011100111111010011100101100001101111101000111110111000011011111000101010010000110101100110100001111
000010101001100110010010101000011011100001011010011001110000110110111101001111101001000001100101110001011101001111110001
011010111110000011100001101101101100100101111011011010000011100001101101111010001111101110000110111110101110010111101100
000111111001011100011011111001111010000011011100101100001010000101101111110011110010010101000000000111101001111110001011
010111111011100001101110010101111011110110000011111011000000111001000000101011110111010111110111101100011101000101111100
001110101111011111010111110101100000110000100110110111001101101110111110101111110101100000110110101111110000101101100000
110110101111001011000111010001110001010100101100100000110101100000101111110001011010111100100010110001011000101011111001
011100010000111011111010111111000010100000111000010011100110100011110100111001011000011001101110010111001011000001101011
100100111111010010011110001011010111010111001011110110000011111100101110001101111001001111011010001111001011101000111001
011100100100110100101000100111001111010011111100111010111001011100001110101110010011111010001110001011001001011110100000
110000110100010101000010110111101000111110110001111100100110110011111111011110001101111100010111101111001110101000001111
101101000011010110000011111100100100011100001101011100011110010010001110000110101110001100010101010001111100010110101111
110011101000001110010001011010010000011111011010000110101100000111111001110000100010100010100001101000111110110001111000
011011110111101100011111010101110010000111011110111110111110101111110111000011011101011100001010001111000010111111011100
001101111101011100001011000100110100001110100010010010111111000011011110010010010101111001010101111110001101111001011000
100111001110001100001011111010011100101100001101111000100010001110111001111110110011000010000111100011010000001101000110
100111110111101100110000001110100010000100111000010001100001111101110000110111110101110010111101100000111111101111001010
111110111101100011110001000111011000100110101110101100010010011011010001111011110110001111101011100001011000100110100001
111001110001001000000101011111000010111110111101100011101101100010110101111101000011110000101101111111000011000110011101
111101011110110000110010111011100110001111000010111111001111101101110010100011110111101111001011111100101110001101111010
111000010111001010010001010111101000101000011111001110011110000110001111011011100110101110010101011111110010111011000010
111110100111001011000011011110010111000110111011000010010000000101111010000000110000110110111011110011101011101000111110
001001010010111001110101100001011010011111011011111110100111001011000011011010011111001011101100001011111101100011110010
111000110111010000011100100010110100111010011111101110000110111101000110000110000101101101101111001011100010110110001010
111111011100000101111101101111111010000010000110110001000001111100111010011100001100000000111111000010111110011110010010
111010001111010100100001110000101101001111110111000011011101001110111000100111010111011011101111010111010011111101110000
110111110101110000101100010011010000111001100010100100100100111100001110011010000111110010111011000010110101000101011111
100111010011101100100001101001110111110111110101111101111011000111010010111010110100100110001010011100101110000111010111
001001111101001110110011100001101011100011000101111010011101100100001101001110110000110110100111111001111010000011011110
110000110101111000101101111100110001101010111001100101000101011111010100001010111001011000010111001011100001110101110100
011110100111001011000011011110010111000110111011000101110010011100111111101010111001111111011100001101111100101001000111
110001011010111110010111000110111010001001001001110011100000010101111110001101111100111010011101110001001110101110100011
110111101100011111010111000010110001001101000011100001010100101110010000111100101001000101011110100101110010110100000010
111000101110000111010110010011101111101110101000111100100010000110100010110111001111100110001010000111001110110001010111
110111101111001011111100010111111010110001010101011011111001011100101110110000011111100101110110001011110110000011111100
010111111001011100011011111011000110000111011011011101110011111101000100001001100100101001100001000111001001110011111011
100111110110100101100000101001011000010110100111110110111111101111011000111101010111010011001001010010011101111110111101
100000110001111001011100011011111001001110010111000100000110111110011100110001001011100001110101111110101011100111111001
011000010101011000010110100111111000101101011111011110110000011000111100101110001101111100100111001011100010000011011111
001111010000000101110010011101101000011111010101110011111100110111011010000101101001110100011111001011111110010100100011
111010011111101100011100001010011011110011100110001010111110000101111101111011000111101000001110001001000110010110001111
001111001001001000001101000101010001111010000011000101000111011001001110110111011110011110100111110010111011000001100011
111011000111100101001101111011000111110111000011011111010110000011011010111110110011111010110111001011100001100011110100
000110111101001001111000010111010001111001011101100001011111101100011110010111000110111100001011110001000101001110111011
110111111010010011110010101000110100111110111101100011100101011110111101100000110110111010011001100100010001111110010111
111011110110001110110010011101101110111100111110010001100001010111110100000110111010010000001010101101111101010011011100
101111100111100100100100000110100010101000111011001001110110111011110011011011100110010000101001011100101001000111011011
001001100011110110111111010001001000100001111100111101100010011000101101000010100000011100101011110101000100111111111100
011000111111011000001100101100001011100100111111100010110101111110011101000110011011101001100100101110111110101111010010
111001011010000010010110000011111101110000010100011101110101111110011110100100001010000011110010011111000100110000100110
110011100001001111101001000111010010111001011010000010010110000011111110101011100111111011110110001110110101100100101010
000101101101101101000111101001110010110000110111101101110111100100101111100010111110000101101100000110000110101111110000
101111101000001101111010010011110000101001011000010110100111110111101100011110100100011101100100000110101100000101111100
001011110100011100011010000100111010011111100010110101111110110001111001011100011011100010010011001001001000110000101011
111101010011011100101111001011100101111011111010011001111000110011000001101111011011111110100000100001101100010000011111
011100001101111000010110110000011000011010111101000111110110001111001010011011110110001111101110000110111110101100000110
110101111101001011100101101000001001011000001111110100000110111101001001111000010111101110101111101111011100001101110010
111000100111011100001010001101001111110001011111000001011010001001100000101000010110111100101110000111010111101111101011
111011100001001101111000100110110111000111101111011110010111111100100111001101111001010001010111100100011000000110110111
101101111111010001001111000100001111010011100001010000110111110010100111001000010101101011111101111011000111010010111001
011010000010010110000011110100011110100111001011000011011110010111000110111110101110001100100110000101110010110001010111
101000101000011110111101100011100101110001001110111000010100011111000101101011111101101111001011111000101111110010101110
010010011101011111100100111001011100010000011011100010010011000001001001001011000111011001111101011011100101110000110001
110100101111010100011110100000000111101010000100110111001101000011010001111100110101101100000111111011110110001110010101
111011110110000011011011101001100110010001000111110101011101011100101110000111010111110010111000110111000100100110110111
100001000110101100010101110100111110100111001011000011011111000101101011110111101111011000001111101101011001001010100001
011011011011101100111001001010011101110111111011100000101000111011101011110110010000011010110000010101101111000010101001
100110010010101100001011010011111010100001001111101000101011010001110010110000101100001001011100101101000001001011000001
101101101000111011101010001110111110101111101111011000011000011101100100000110101100000101011011110010111000110111110011
110100010101101000111010001000100110111010110100110000101101001111101101111110100101110010110100000100101100000111110100
100001011011000001111101001011100111010000111001111001011100001110101111010010100101001111100101110111000010011101111101
000111000101010100010101111101001110010110000110110100111110100011000010010011111110010011100110000101110100111100111000
010011111001010001000100111100010110101110100111111000101101011111010011100101100001100110111010001000011010111111101010
011100000001011010111111000101101011111101011000001101101011111010001001000110100001010000110011011110100011000011101101
010000011111100100100000101101111100010010001100010101101111101010111001111110111101100011101100010000101001010000011111
110011010110110000011111100010111110100111000010010100111011101111110111101100000101111000100100110101000100110111100010
111000010110100111101000100100101001011011110000101111101111011000111011110100000000111100101110000101101001111011001000
001101011000001011111011011111101110100011011110010000101111110101001100000011101001011100101101000001001011000001111110
111000001010001101000111101111011000111110101011100100001111101101011001001010100001011011011011111010101110011001010001
010111110111101100011110011110010010010000011010001010100011110100000110111101001001111000010100101000001101101110100110
011001000100011111011011111100101110010010010000111001010111010100001000011010001111100101111110111101100011100001011010
111101111101011111011110110001110100011100010111010011111011110110000100001110111110101110101000001100010101111101101111
111101011000010110101111010001001001010010110111100001011110100101001010010110111011001111101011011100101110000110001111
000010111100010010011001001110111100010110100100011111010101110011111000100100110101100111100111010010111001011010000010
010110000011111101110000010100011010001110011110010111101100000111111011110111100010111100100011010000101101001111101111
011000111011001000001101011000001011110011000001010111101100010011010000111100100010001100111101100010011000101101000010
100000011010011111010011100101100001101111001010000101101111110110111111010010100101001011011101111101011101011000010010
000110111110001011010111101101011001001010110000001010111101100111001000011010010001110100101111010100011111010101110011
111100100011000011100001110010001101111010000011011110100100111100001010110111101111011110010111110011110001011110111010
111110111101100011101100100000110101100000101110100111110000101010011001100100101011000010110100111111010101110011101100
111100010111010011111001110000110101000110100111111000101101011110010111000100111011100001010001111001111000101101001001
001100101001000110100011110111101100011111000011001111000101101001000001010000101101111110010110001011110111110100101001
010011110100101110101101110000101001000001010111100100010110111000100111111111001011101100001011111011110110001110100101
110010110100011000101010000111100101000010110111110111001001011111011111010111101000100100011010000101000011001101101000
111101111011000111110101011110011100110111100101100001011010011110100000001100001111010011111100111100111100100100100000
110100010101000111101100011000100111011000001111100001011001110000110101100010101111101001110010110000110111110001011010
111100010010001100010101101111011011111111000010010110111001011100101100011110111101100011101100100111011011101111001101
101110100110011110001100110011001001110110001010100100100111000010110100111101100100000110101100000101110100111110100000
110111100100010001010110000101101001111101111011000001011110100101110010110100000100101100000111111011100000101000111110
001011010111100110111010000110010011101110000000110111100001011110011000101100100001101011101000111101111011000111101010
010001111111001010111001110010010000101011111010110001001110001010010000101101110011010000111100001011110111001110101000
001111110110111111110111100100100000011110111101100011110100000110111101001001111000010111100110001100101010100001111101
010111001111110111101100010000011111011000001011000011100111110100000001100001111010001111011011110010111000011101010110
111101111011000111000010110101111011111010111110111101100010000011111100100111100010001011000011100111110100000001100001
111010011110001001000110001010110111100101110001101111001001010001001110011000101011111000010111111001110010101110010001
011011110010000101111010011001110000010101000110000101101001111110001001010011000101010000101101111010011111001011101110
000100111011111101001110010110000110111110111100011011110101000011001001001110000100010001010111111000110111011101010001
110111110101111101111011000111011011001010110101000011010111111010111000100000110111011111010111111011100001101111001110
001101010001101000111101001110010110000110111101111011000010111110110010000110101000101011111011011111111001001110011000
010111110010111011011111111011000100111010000001010111111011100000101111110101100001011000011011011111101111011000111011
001000001101011000001011111101010111001111110011110010010010000011010001010100011010001111100101111111010011111010011100
101100001101111101010111001100101000101011111100111100100000001011011001000011000111100101100010111101111111001001110011
000010111101001110010011100110001010111110110011110011010101111010111001011110011110110111111001011100100100100001111011
001111001101011101011000010011110100101110010001011011000001101101110100011100011000010101111011101011111011110110001111
000010110110001001111111110100000110111010010000110011001110011110100011110000101111110100111111011000111011000000111001
000000101011111100011011111001110100101110101101001001100001100110100001110101110010011111101000110010100100011110000101
111101111011000111110110111001000110000111011111010111100110001010000011000011000001011011110010111000100100000001101101
000111110110001111001011100011011111001110101110010111000011101011100100111110010100000111000101111101100100111011011110
011110000111111001011101100001011111101100011110100100111100101010010011001011000101011111101010011011100101111100111100
100100100000110100010101000111011001001110110111011110011111100001011111101000111110110001110110010010111001100010101111
111011100100101111101111101011111110111010111110111101100011101100100111011011110011110001101011100001001111110010100010
111000101100100101010001111011000011010110110111011011001011111110001011010111100001010011011110011100110001010111111001
011111110111100001110010001100001110101111010010111100111001100010100100011110000101111101111011000111110000100101100100
001010101111011111010111111010001111101100011110101100010101010110111110110101111000100001111100101111111011110000111001
000110000111010111110011011101011010011110000101011100100101001110111111011011111101001110110111011101100001111100111010
010111010101001000010110110011110010111000011101011101001111010001001001011111101101110111100100101110010111001011110110
000010111001011100001001011011110000101010011001100100101011000010110100111100101110010111101111111111000101101011111010
010011110010101001001100101100011110011000100100000010011111010010111001011010000010010110000011111011001001100000001010
100100011101001011100100001101100000110110100011110010111011100010011000111110010111111101111000011100100011000011101011
101001111110110001110010100010111111101010001001110011011110010111101101011001001010100001011011111110001011010111111010
100100101100100001100011100101100001001001101110110011111010110111110100100001111110110101100010010000001110100011100100
111001100101000001111010001111010011100101100001101111001100011010110111111101111000011100100011000011101011111100110101
101100000111111011100101011111101000000011000011011011110010111011100010011000111010001110010011100110010100000111110110
101111000100000001010111111000101101011111010010011110010101001001100101100010101111001011100101001010111001110100100100
001011111001111000010010101000110100011101000000011000011011011110011110010110000011110100111101000111001001110011001010
000011111011000100010010100100000010101000101011111010011100101100001101111100011011100101100001001001101110110011111010
110110110111010010000111111110001011010111100101110010000101101111001000010100010101111101111011110010111111010000111011
010001011100001110101111110101001101110010111111100100010110111000100111111101110000110111001100001101000101001010111001
011100001110101111100001011111101000111101001110010110000110111101010001001000100001100001010111111000101111110010011101
001011100111000101111011001011111101010111001111110100011000101010011100100100100001110110011100111011100001011010011111
100011011111001110110011110011001001011100001110101111101101111110111010100011101111101011111100111011000000111000000011
011101111101011110010001010110011110011100100000010101111101000001101110100011001100000101011011110100000110000110000010
110110001010111110000101111110011101001011100101010001100001011100101101110011100001001011011101001100111100011001101110
100010100001111010000011011111010100001100110011100111111101111000011001101000011110011000100101100001101101000111110111
000011011101100111100110010010111000011101011111101100010011101011111011110110001110011000010010111001110101111110001101
111011110110001111101011100011010110000110101111110010000000011011010000111010111111010101110011111011110010000000011111
111010000000110000110110110100111111000101101011111000101101101110110001000100101001000011001100111001111110000110111110
101110001101011000001111101000101000011101110101100110100001111101000111110111000011011101100111100110010010111000011101
011111001011100011011111010101110011001011100100111000100100111110001010111111000101101011111010000010001000110011100001
101101100010101111100001011110100101111001110011110001000101110011110010111000011101011111001011000101111011111110111100
001110010001100001110101111010010111001011010000010010110000011111011001001100000001011011100001101011111010011101100111
000011010110111011011110100011001010001100101011000001011000101100111000011100100110100011110100111001011000011011100110
000010111001000010100010101111100001011110100101110101101111000100110111111001011000101111011111101000110000100100111111
100100111001100001011111100010110101111100100111100111100001010001010111111011100000101111110010111111101101110101000010
000100101000100111001111110101001000011100001011010011111011110110001110110001000010100101000001111101111101011111101000
111100001011111101001111101111011000111001011000101101101111100100111011110010000011111111100101110001101110011000100110
001100011000010101111010001110001100001010111101110101111101111011000111100001011011000100111111110100110100000100110100
111111000101101011111010011100101100001101111100010110101111110010011100110000101111011011001001011111011110110001110111
101000101000011100111011001000101100010110100001111011011111101101011110000111011111101111011000100000111110111100101010
111101001011100101101000001001011000001111101100111110101101110010111000011000111010010111001011010001100010101000011010
001111010011100101100001101111010100110111101000101000000101011110111001001011111011111010111111011110000111001000110000
111010111110111101111001011111011011000010100011101000000011000011110100011111011100001101111010001100001100001011011011
011110010100000110001110110001001010001010000111001110111000100100000011101111101011111101110000010111111001101011011000
001111101100000001000010110100111111011011110010111100101001000100111011111110110001111001011100010110110001010111110110
111111011010111100001110111111101110000110111011110010101011110100101110010110100011000101010000110100011111011000111000
100100110101000100111100100001010001010111111011100001101111010100001001100001101000011101011111011011111110011000110010
010000001111101111000011100100011000011101011001001110001111000110101111101111011100001011010010110111110111100101010101
101111110010101110011100100100001010111101110010010111101001111100011101001011100100100111010111111001001110010111000100
000110111101001011111101000111000100110010010111101101111110110010011101101110111100111101000111100011110010111000110111
011111010111010110000100110001100100111001101000011101110101111100110001100100100000011010001010101110101100100100000100
001101000010001110001101101001111100001101111100111010010111001011010000010010110000011111101001110000101000111100101001
110001011101100001011111000010111111000101101011111000010101001100110010010101000101011111001011000101111011111000110000
111001101000011110010000000011011010000111010101101110111110101111101111011000111101000010011111010101110110111011110100
000000111100101110000101101001111011001000001101011000001011111010110000110101100111000010001001001011000101011111001011
000101111011111101111011000111011100111000101001100001011100100111111000010001001011111010000100111010001111000101111110
000110111110011110101001110001001000100001011010011111010011100001010001111000010111110010111011100001001110111111011110
110001111010001001111000100000000011111001010010001101011111110010010000111100010101111110111000101110111000010110100111
110101011101011001001000001000001101101000111101111011000111101001110000101000111100101110001101111001010011100010111011
000010111101000101000011110100111001011000011011111000101101011110101000100010011111100100100111010110010011111000010111
01000
